samples ::
[[ 1.13587178e-01 -2.57405862e-02  2.08034995e-03 -4.43096235e-02
  -1.28093758e-03 -7.49720261e-02 -8.63714293e-02  7.69953127e-04
  -1.05813414e-01 -5.20347953e-02 -8.96779001e-02 -3.47816944e-02
   1.86318677e-04  3.87840271e-02  5.67020513e-02  8.51439014e-02
   5.33674471e-02  2.00290233e-02  1.08359352e-01  7.80850649e-02
  -1.04773328e-01  1.40483305e-01  9.57936235e-03 -4.85227965e-02
   1.28128141e-01  6.66047335e-02  5.43121882e-02  4.73480187e-02
   3.28854844e-02 -1.12862118e-01 -1.24729775e-01 -5.18989675e-02
   2.57841013e-02 -1.32928744e-01  3.87819186e-02  9.48264673e-02
   2.41606217e-02 -1.18502611e-02 -1.45860203e-02  1.36646494e-01
  -1.94087382e-02 -5.03733680e-02  9.88247320e-02  1.53673813e-01
  -1.05909575e-02  1.06783517e-01 -1.05769746e-01 -5.89359514e-02
  -4.75727543e-02 -1.15809947e-01  6.50640354e-02 -1.80623811e-02
  -9.82758030e-03 -2.22592037e-02 -2.85574850e-02 -3.99748050e-02
   1.00831524e-01  1.54217020e-01 -3.19715068e-02 -4.70800400e-02
   5.89678697e-02  7.11692357e-03 -7.60770291e-02  1.25049338e-01
   6.46763248e-03 -9.94028375e-02  6.37511015e-02 -5.51805422e-02
   1.05695866e-01 -1.17699891e-01 -1.08465761e-01 -1.75511315e-02
  -2.16461748e-01 -1.64069727e-01  1.06509812e-01  4.51591909e-02
   2.93806866e-02  7.32134432e-02  3.40350941e-02 -5.84250949e-02
   5.95693290e-02  8.42058212e-02  5.96160889e-02  1.28424242e-02
  -3.64726689e-03 -1.71045646e-01 -3.23700756e-02  2.44045109e-02
  -1.52590677e-01 -1.48298308e-01  5.85058331e-02 -1.19112983e-01
   2.96510030e-02 -1.13340020e-01 -7.66745210e-02 -1.85439721e-01
   6.22414909e-02 -1.95205837e-01  8.16499367e-02  7.79357180e-02
  -4.65205386e-02  1.41046479e-01  2.59073060e-02  6.19839206e-02
  -1.13107316e-01 -9.82333422e-02  1.60172563e-02 -4.96399701e-02
  -4.39974368e-02 -1.04611479e-01 -3.80174932e-03  4.41272967e-02
   9.26113203e-02  2.67459303e-02  3.29044908e-02 -1.42430700e-02
   8.32845494e-02  2.68907100e-01  1.32166907e-01  7.52242580e-02
   7.67263696e-02  8.64975750e-02  4.55087647e-02 -2.44263876e-02
   1.42830074e-01 -1.56173378e-01 -3.98247726e-02  1.29262805e-01]]
sample2 ::
[ 1.23621714e+00 -2.80146331e-01  2.26411689e-02 -4.82240498e-01
 -1.39412303e-02 -8.15953791e-01 -9.40018415e-01  8.37951805e-03
 -1.15161371e+00 -5.66317499e-01 -9.76004243e-01 -3.78544092e-01
  2.02807039e-03  4.22103196e-01  6.17113709e-01  9.26658809e-01
  5.80821157e-01  2.17983559e-01  1.17932117e+00  8.49833727e-01
 -1.14029384e+00  1.52894008e+00  1.04256190e-01 -5.28094351e-01
  1.39447415e+00  7.24889159e-01  5.91103315e-01  5.15309393e-01
  3.57907176e-01 -1.22832859e+00 -1.35748887e+00 -5.64839363e-01
  2.80619830e-01 -1.44672179e+00  4.22080576e-01  1.03203821e+00
  2.62949914e-01 -1.28972292e-01 -1.58745855e-01  1.48718214e+00
 -2.11234078e-01 -5.48235059e-01  1.07555139e+00  1.67249870e+00
 -1.15265265e-01  1.16217148e+00 -1.15113890e+00 -6.41424775e-01
 -5.17754972e-01 -1.26041031e+00  7.08120763e-01 -1.96581051e-01
 -1.06958739e-01 -2.42256880e-01 -3.10803384e-01 -4.35062647e-01
  1.09739399e+00  1.67840993e+00 -3.47958803e-01 -5.12392044e-01
  6.41772270e-01  7.74568915e-02 -8.27979863e-01  1.36096644e+00
  7.03898296e-02 -1.08184433e+00  6.93830669e-01 -6.00554168e-01
  1.15033495e+00 -1.28097939e+00 -1.18048143e+00 -1.91016808e-01
 -2.35584807e+00 -1.78564250e+00  1.15919328e+00  4.91486996e-01
  3.19761992e-01  7.96813726e-01  3.70418608e-01 -6.35866463e-01
  6.48318827e-01  9.16448116e-01  6.48826182e-01  1.39769435e-01
 -3.96942124e-02 -1.86156511e+00 -3.52297187e-01  2.65605748e-01
 -1.66071200e+00 -1.61399448e+00  6.36745274e-01 -1.29635799e+00
  3.22705895e-01 -1.23352945e+00 -8.34482908e-01 -2.01822042e+00
  6.77402258e-01 -2.12450933e+00  8.88631344e-01  8.48208725e-01
 -5.06303489e-01  1.53506875e+00  2.81960368e-01  6.74597979e-01
 -1.23099530e+00 -1.06911719e+00  1.74322799e-01 -5.40253878e-01
 -4.78843361e-01 -1.13853145e+00 -4.13758084e-02  4.80256140e-01
  1.00792956e+00  2.91087538e-01  3.58113945e-01 -1.55013382e-01
  9.06422257e-01  2.92663407e+00  1.43843031e+00  8.18698883e-01
  8.35047007e-01  9.41389918e-01  4.95291770e-01 -2.65842080e-01
  1.55448270e+00 -1.69970381e+00 -4.33430016e-01  1.40682399e+00]